========================================================================
  DATASET: RANDOM (n=1,000)
  Size (n): 1,000
  Configuration: RANDOM (n=1,000)
========================================================================

--- STATISTICS ---
  Minimum value :            0
  Maximum value :          999
  k=1   (min)   :            0   (position 1)
  k=n/2 (median):          499   (position 500)
  k=n   (max)   :          999   (position 1,000)

--- PREVIEW (first 20 elements as they appear in the array) ---
      525      284      771      351      246      797       94      116      663      800      153      615      551      255      909      244      691      210      455       90

--- FULL ARRAY ---
         525         284         771         351         246         797          94         116         663         800
         153         615         551         255         909         244         691         210         455          90
         523         420         320         599         693         149         278         681         375         843
          12         281         611         880         724         917         292         410         388         500
         641         585         692         482         861         162         306           5         951         983
         657         294          91         659         562         912          85         370         541          17
         487         654         635         606         199         248         932         736          14         642
         757         685         563         156         727          16         708         469         601          50
         595         904         821         152         471         552         735          84          36         546
         918         970         846         540         554         903         982         360         936         804
         882         439         895         408         763         825          49          45         289         218
         170         299         434         520          24         504         938         354         412         577
         841         485         310         755          13          92         731         381         250         349
         148         259          53         940         960         452         411         305         185         773
         359         669         182         457         115          99          61         625          47         463
         307         470         280         667         379         782         696         277         954         524
         617         589         862         955           8         342         665         404         181          48
          39          23         461         937         964         582         496         143         652         123
          37         480         356         109         239         943         743          52         406         760
         462         867          86         969         390         656         881         653         678         132
         795         624         427         640         111         415         174         697         986         627
         378         576         147         495         728         220          78          11          93         361
         942         985         130         328         664         902         436          56          44         793
         695         916         157         921         537         465         297         532         772         538
         598         104         146         501         604         878         490         847         723         155
         839         300         206         596         451          64          98         453         252         511
         528         282         933         166         813         838         350          60         227         756
         579          80         204         547         687         403         564         830         716         492
         717         440         330         313          73         919         584         196         270         213
          40         393         672         118         101         844         981          82         645         315
         633          43         549         879         774         301         535         172         489          74
         988         224         187         637         811           1         676         820         829         698
          18         688         929         568         221         275         395         295         991         129
         897         620          87         286         894         385         494         739         798          21
          79         380         367         264         935         117         529         671          54         787
         138         352         445          96         865         860         883         927         574           9
         810         131         498         837         192         208         329         670         631         603
         995         850         824          35         417         454         401         189         400         877
         963         488         826         337         229         948          22         113         467         418
         254         202         602         923         347         626         950         766         591         226
         966         816         976         979         266         304         468         893         521         509
         709         312         610          63         126         765         442         683         231           6
         512         559          68         714         784         874         447         769         134         999
         247         402         746          81         502         987         805         413         145         747
         569         443         873         831         317           7         178          27         587         647
         802         542         815         405         514         721          71         555         713         543
         622         332         158         778         364         242         276         607         344         108
         915          28         296         150         249         866         930         262         335         160
         875         913         828         119         432         383         885         257         853         107
         840         658         891         753          42         754         980         922         382         558
         387         889         836         216          58         376         845           3         318         167
         238         450         990         992         764          66         710         686         497         515
         369         834         392         191         290          32         458         958         644         355
         762         368         890         159         486          34         430         590         112         702
         619         237         561         794         588         438         876         833         263         518
         175         273         941         391         842          20         801         341         336         422
         701         571         666         570         141         302         168         240         730         870
         394         133         274         102         655         473          70         662         483         197
         171         661         193         533         267          33         260          77         195         331
         433         835         704          65         384          31         373         491         188         636
         398         614         788         303         777         474         225         855          95         613
         550         857         323         137         809         423         852         744         389         699
         680         553         961         198         293         974         814         478         993         232
         366         243         233         534         513         673         288         741         414         906
         460         738         605         283         298         565         253         176         684         456
         925         586         548         817         203         944         526         779         848         732
         572         819         272         612         105         706         707         901         911         953
         140         580         973         325         120         900         758          26         849         675
          55          97         914         783         984         435         372         734         124         959
         163         939         907         503         444         945         371         796         506         258
         314         346          25         179         962          69         718         785         949         920
         161         682         261         566         348         522          10         340         441          51
         560         508         567         898         623         928          38         674         429         519
         827           2         690         884         122          15         872         466         365         183
         201         407         319         164         214         136         910         791         428         459
         600         409         222         989         449         649         464         750         279         321
         484         190         854         194         660         212         593         807         751         634
         689         639         806         967          62         998          29         287         125           0
         322         715         858         184         573         110         957          30         646         618
         575         608         106         632         808          88         165         169         749         597
         499         869         868         516          89         629         650         215         128         530
          57         235         121          75         648         737         759         386         557         694
         996          46         818         719         768         363         327         228         527         180
         397         803         859         975         507         103         978         256         968         677
         578         896         285         309         308          72         934         931         679         446
         536         493         269         616         472         711         245         291         822         200
          83         924         358         899         972         448         154           4         177         863
         100          67         703         594         965         905         135         786         712         700
         173         476         729         725         343         345         638         396         268         144
         947         856         609         505         377         207         139         374         475         241
         236         799         621         956         871         339         114         628         431         722
         823         583         790         326         517         864         265         886          19         780
         230         767          41         209         234         416         952         926         219         581
         324         424         437         333         994         812         353         971         399         334
         781         142         761         742         127         477         426         643         357         789
          59         421         888         217         544         151         668         892         851         726
         946         479         977         770         705         211         887         792         748          76
         531         338         720         556         316         223         630         997         539         425
         362         510         752         832         651         251         545         271         776         733
         775         419         740         908         205         311         592         745         186         481

========================================================================
  END OF DATASET: RANDOM (n=1,000) (n=1,000)
========================================================================