========================================================================
  DATASET: DUPLICATES HEAVY (~10% distinct, n=1,000)
  Size (n): 1,000
  Configuration: DUPLICATES HEAVY (~10% distinct, n=1,000)
========================================================================

--- STATISTICS ---
  Minimum value :            0
  Maximum value :           99
  k=1   (min)   :            0   (position 1)
  k=n/2 (median):           49   (position 500)
  k=n   (max)   :           99   (position 1,000)

--- PREVIEW (first 20 elements as they appear in the array) ---
       28       30       84       93       35       17       39       92        0       61       47       55       53       45       78        6        1       35        5       62

--- FULL ARRAY ---
          28          30          84          93          35          17          39          92           0          61
          47          55          53          45          78           6           1          35           5          62
           6          24          66          24          78          30          64          60          23          74
          64           1          94           9          12           3          14          62          90           6
          76          39          99          36          48          77          78           7          97          64
           4          68          15          31          73          93          52           9           7           8
          43          10          12           4          54          32          99          80          10          84
          13          73          83          54          64          98          99          77           5          61
          60          59          14          48          49          66          18          24          97          48
          22          63          81          96          72          19          25          27           6          37
          64          38          50          92           2          56          46          94           3          72
          77          63           7           1          36          41          16          46          27          56
           3          16          38          89          67          25          78          50          34          27
          95          57          26          28          62          95          81           4          96           0
          13          50          76          90           7          87           0          55          30          23
          32          54          76          62          55          32           6          88          57           5
          21          76          72          76          59          45          75          13          63          55
          25          99          23           4          94          50          40           9          41          90
          71          42          54          89          37          51          81          77          92          13
          97          39          60           8          44          94          54          62          11          37
          98          85          59          44          51           7          11           4          57          97
          78          47          61          27           1           8          10          11           4          44
          91          84          42          66          84          83          30          13           4           0
           9          93           9          13          98          47           3          73           6          24
          75          35          35           1          94          54          61          12          84          69
          55          60          40          92          46          30          59          52          87          12
          56          11          80           6          60          14          56           2          21          23
          86          84          23          22          24          10          45           5          29          95
          48           0          92          13          56          96           3          50           7          44
          46          53          33          47          89          27          62          82          52          84
          19           1          94          84          94          17          77          38          66          34
          47          59          90          91          66          52          78          89          88          66
          97          91          32          31          85          20          10          67          49           3
          37          67          50           9          14          39          58           5          80          51
          74          78          48          41          18          14          38          12          30          57
           5          42          92          70          70          91          79          43          57          55
          18          46          55          78          49          48          57          99          85          45
          15          92          95          54          27          88          85          45          24          85
          29          43          47          27          19          95          75          23          94          60
          80          29          45          47          19          80          95          90           1          59
          27           1          44          25          31          54          40          42           4          57
          62          70          89          58          50           2          19          31          91           1
          63          46          73          23          39           6          75          44          89          37
          35          21          23          40          46          81          26          90          20          60
          83          75           3          10          77          13          11          12          46          81
          42          58          95          56          15          46          38          19          55          55
          76           5          17          64          79          76          76          10          75          85
          43          88          71          40          84           3          27          16          85          12
          11          23          54          15          67          53          98          84          39          89
           6          13          36          10          30          83          87          43          88          92
          98          36          80           9          81           4          10          74          14          89
          85           5          37          11          16           7          65          63          78          61
          24          64          12          46          99           1          30          19          39           8
          13          38          35          85          83          96          48          77          89          74
          32          10          68           2          43          26          87           9          81          37
          65          13          59           9          64          60          96          94          37          85
          18          81          68           5          50           5          59          33          79          51
          24          72          44          55          77          98           4          66          23          39
          80          79           2          84          68          63          89          88          89          16
          54          79          61          58          71          71          61          18          65          14
          43          33           5          26          71          14          24          99          94          53
          80          47          71          50          91           0           1          90          15          50
          97          34          44          61          19          99          31          71          97          38
          99          24          76          99          49          84           3          55          80          18
          78          13          87          29          97           6          65          23          29          48
          20          88          81          39          12          83          60          40          35           8
          43          27          30          60          53          77          26          25          65          84
          70          47          83          33          81          73          99           7           9          11
          73          72          80          59           9          54          77          71          32          95
          21          13          14          51          83          86          13          74          18          24
          52          36          30          42          40          13          41          69          24          43
          60          18          16          85          48          85           3          43          29          32
          32           4          80          63          34          29          38           6           6          70
          57          26          83           5          12          22          20           2           1          91
          20          52          12          76          22          94          72          75          36           0
          71          87          34          45          46          65          81           9          72          84
          68          11          35          86          15          55          75          63          14          52
          78          77          70          68          46          14          58          23          82          70
          69          61          80          59          56          83          91           0          75          12
          27          18          31          97          98          68           2          95           6          63
          14          18          49           3          87          21          47          47          82           0
          78          68          61          23          19          76          21          70          15          27
          19           7          89          82           1          60          58          34          49          95
          39          10          90          97          48          72          69          68          57          12
          28          64          44          95          17          48          74          12          75          36
          69          72           3          81          87          26          71           6          57          14
          13          92          78          88          12          69          24           3          66          31
          20          34          36          55          18          36          89          45          28          75
           1          90           9          84          12          90          52          23          72          71
           1          93          50          96          81          53          27          21           9           7
          54          83          14          16          59          38          79          24          94          37
          15          67          91          91          73           7          93          92          43           3
          80          55          22          61          39          97          99          15          53          36
          14          93          76          27          90          66          61          59          86          22
          98          73          33          41          12          88          83          58          48          74
          12          99          87          20          77          29          54          92          53          75
          12          17           6          21          46          48          42          36          27          11
          86          61           3          87          74          38          29           9          31          97
          57           6          71          58          52           4          37          59          11          89
          40          96          30          24          64          23          78           9           9          79

========================================================================
  END OF DATASET: DUPLICATES HEAVY (~10% distinct, n=1,000) (n=1,000)
========================================================================